,x,y
0,2.22520392187,0.0
1,4.40091846071,0.0
2,0.761636720497,0.0
3,1.33934692017,0.0
4,4.51971102217,0.0
5,3.26483691111,0.0
6,0.278679612705,0.0
7,3.64749486726,0.0
8,0.920047288344,0.0
9,0.18173997546,0.0
10,0.340362641104,1.0
11,0.19536607362,2.0
12,0.403489110429,1.0
13,0.972491588652,0.0
14,0.270317199519,0.0
15,0.193020138037,0.4
16,0.438146095092,1.0
17,0.30079702454,1.0
18,2.30636102454,2.0
19,0.202691837423,1.0
20,0.251940136076,1.0
21,0.107959012658,1.0
22,0.388595155063,1.0
23,0.0844119113924,3.0
24,0.283056177215,4.0
25,0.0931534452736,0.2
26,0.213238447761,1.0
27,0.148726731343,5.0
28,0.0953947636816,5.0
29,0.087653800995,0.0
30,0.596817265,1.0
31,2.07416099,0.0
32,0.36341921,0.0
33,1.306632525,3.0
34,0.73126933,1.0
35,0.568652277778,0.8
36,0.139185333333,0.0
37,0.340286611111,0.0
38,1.452927,1.0
39,0.236393444444,2.0
40,0.24095185,0.0
41,0.2315717,1.0
42,0.16129975,4.0
43,0.50057075,4.0
44,0.12616195,0.0
45,0.158347379433,0.8
46,0.0820547730496,2.0
47,0.601015152482,2.0
48,0.125567925532,1.0
49,0.202970283688,0.0
50,0.16655952809,0.0
51,0.358230733607,0.6
52,0.680422086066,1.0
53,0.349825831967,0.0
54,3.25845633607,2.0
55,0.570574418033,3.0
56,0.812500892857,1.2
57,0.912339821429,1.0
58,0.531398071429,0.0
59,1.23168114286,1.0
60,1.68007353571,0.0
61,0.638095333333,0.6
62,0.238816464912,1.0
63,0.437361833333,1.0
64,0.380654083333,1.0
65,0.790538061404,0.0
66,0.353032916058,0.8
67,3.95532487956,0.0
68,0.482776631387,0.0
69,7.695105,2.0
70,7.86185203285,0.0
71,0.686101428571,1.0
72,0.462728714286,1.0
73,0.188629071429,2.0
74,0.686116071429,2.0
75,1.06609453571,1.0
76,2.09523003521,1.0
77,0.145376735915,0.0
78,0.505831978873,1.0
79,1.84687714789,1.0
80,0.153610816901,0.0
81,1.30673109162,2.4
82,0.203732612565,3.0
83,1.35562522775,0.0
84,0.0836126989529,0.0
85,0.177319827225,0.0
86,3.65015241156,1.2
87,0.229900710884,2.0
88,0.121248772109,0.0
89,0.542860962585,2.0
90,1.26429177211,2.0
91,2.37797497143,5.4
92,2.03889004,7.0
93,2.32113077429,0.0
94,0.412499277143,0.0
95,1.21511038,1.0
96,0.139231125,0.6
97,0.194661696429,1.0
98,0.133457131696,1.0
99,0.975010584821,2.0
100,4.51563772098,0.0
101,0.813204165493,1.8
102,1.96973316549,2.0
103,1.30259420423,1.0
104,1.80608883803,0.0
105,0.726899947183,2.0
106,0.322729203704,1.0
107,0.875319601852,0.0
108,0.487457089506,3.0
109,0.609968367284,3.0
110,0.703998777778,2.0
111,0.899781706522,0.4
112,0.407883307971,1.0
113,0.0329902753623,3.0
114,0.16613567029,3.0
115,0.205134416667,3.0
116,0.1305947,0.0
117,0.5508037,1.0
118,0.25485675,2.0
119,3.97995495,1.0
120,0.66253555,0.0
121,3.38304131,0.2
122,0.295277455,0.0
123,6.748169835,1.0
124,1.4688326675,2.0
125,1.5901027725,2.0
126,2.09461647309,0.2
127,1.46092830045,0.0
128,1.56160015247,0.0
129,0.709856612108,0.0
130,0.106428748879,1.0
131,0.258596961207,0.6
132,0.0775629676724,0.0
133,0.191184148707,1.0
134,0.103743157328,1.0
135,0.261302984914,2.0
136,0.176415166667,1.4
137,0.141757041667,6.0
138,0.631586625,6.0
139,0.1327195,0.0
140,6.044533125,1.0
141,1.30933946934,1.6
142,2.84944671934,1.0
143,0.643580917453,3.0
144,0.844394193396,3.0
145,0.482684669811,1.0
146,0.877140580986,0.6
147,0.733673003521,2.0
148,0.128134429577,2.0
149,0.590791059859,4.0
150,2.16994311972,3.0
151,0.204228993952,0.2
152,1.18641338306,1.0
153,0.210209423387,1.0
154,0.314200163306,1.0
155,1.22153090524,2.0
156,4.28869191667,0.8
157,0.701856760965,1.0
158,3.29966548904,0.0
159,3.2451281886,0.0
160,1.0550242807,0.0
161,0.322537764368,0.8
162,0.339955695402,5.0
163,0.393665471264,4.0
164,0.0164634597701,2.0
165,0.178677456897,0.0
166,0.652789682119,3.4
167,0.637062523179,5.0
168,0.786216549669,5.0
169,0.218474460265,6.0
170,0.304213304636,0.0
171,4.11647508178,1.6
172,0.366343039033,3.0
173,0.945649492565,1.0
174,0.676916118959,1.0
175,0.189394749071,1.0
176,0.226185556391,1.4
177,0.0816918308271,3.0
178,1.34666472368,1.0
179,0.380840656015,2.0
180,0.988140669173,2.0
181,1.66953030739,0.4
182,0.0710955680934,1.0
183,0.417671412451,5.0
184,0.450467719844,4.0
185,0.814516486381,1.0
186,0.589873483539,0.2
187,0.46259750823,0.0
188,1.0453448251,1.0
189,0.977038514403,1.0
190,1.8077179321,0.0
191,1.22892192233,0.8
192,4.47845723301,1.0
193,0.247703393204,1.0
194,0.400037453883,5.0
195,1.26114602184,5.0
196,0.395337674129,0.33333333333
197,0.539765895522,1.0
198,2.95998097015,1.0
199,0.459247209559,1.0
200,0.899837003676,0.0
201,0.236551481618,3.0
202,0.599757432353,0.0
203,0.212168485294,0.0
204,0.217820608824,0.0
205,1.01186804762,1.0
206,0.664426785714,3.0
207,0.806733095238,3.0
208,1.25146056466,0.66666666667
209,1.35097685345,1.0
210,0.710379905172,0.0
211,0.376672926174,0.33333333333
212,3.76486162416,1.0
213,2.52503113758,1.0
214,0.693875740602,0.33333333333
215,0.608705428571,1.0
216,0.208569263158,1.0
217,1.17609511017,0.33333333333
218,0.592318242938,1.0
219,0.424774757062,1.0
220,1.90811433468,0.66666666667
221,0.483187907258,1.0
222,0.428430528226,0.0
223,0.960923994186,1.0
224,0.149287906977,3.0
225,1.27096350291,3.0
226,1.9239236465,0.33333333333
227,1.71124589809,0.0
228,0.912582350318,1.0
229,1.15277083962,2.33333333333
230,0.436632391509,3.0
231,1.13832239151,1.0
232,2.26320590179,1.0
233,1.11545222545,2.0
234,4.45930897991,1.0
235,2.33589423013,0.0
236,0.632453905858,1.0
237,1.78340827615,2.0
238,3.28137059662,1.0
239,2.52972946377,1.0
240,0.362189214976,1.0
241,0.596295673387,1.33333333333
242,0.118679487903,1.0
243,0.586079645161,2.0
244,0.359698125,2.0
245,2.0344786875,0.0
246,0.20666353125,6.0
247,0.862589508772,2.33333333333
248,0.240140083333,0.0
249,0.470821662281,7.0
250,0.863059652632,1.0
251,0.618650363158,0.0
252,0.891119465789,3.0
253,2.13663065,1.33333333333
254,0.9383561,3.0
255,0.945783088462,2.0
256,0.0799500581761,2.33333333333
257,0.407451882075,4.0
258,2.84048046541,1.0
259,0.536376184588,0.66666666667
260,1.65948255197,2.0
261,1.44647551613,2.0
262,1.12305651505,0.0
263,0.167620262542,1.0
264,0.426905051839,2.0
265,0.184688875556,1.33333333333
266,0.148515033333,0.0
267,0.850349817778,4.0
268,2.75831560714,0.0
269,1.19412354286,0.0
270,0.769485592857,0.0
271,0.841635790541,1.66666666667
272,1.66712789189,1.0
273,1.05658753378,3.0
274,0.865483415323,0.33333333333
275,1.61336702823,1.0
276,0.301059532258,1.0
277,0.355930178899,0.33333333333
278,0.433894394495,1.0
279,0.763004302752,1.0
280,0.241144490566,1.33333333333
281,0.39709029717,2.0
282,2.00790783019,0.0
283,0.805139384211,0.66666666667
284,2.50630634737,1.0
285,0.834829889474,0.0
286,2.29295819022,1.33333333333
287,2.52205082609,1.0
288,0.987778179348,2.0
289,0.951049257009,0.33333333333
290,0.671010948598,1.0
291,0.243506023364,1.0
292,0.776638450893,0.0
293,0.156130464286,1.0
294,1.47486079911,2.0
295,2.84399009459,3.33333333333
296,0.695115963964,7.0
297,5.88677823423,4.0
298,0.274080608108,3.66666666667
299,1.46728073423,5.0
300,0.447332243243,1.0
301,0.390920619048,0.66666666667
302,1.75902885714,0.0
303,0.932191961905,2.0
304,2.2783117305,0.0
305,0.817301599291,0.0
306,0.645168450355,0.0
307,0.176941553191,0.0
308,0.441548542553,0.0
309,2.29395661702,0.0
310,0.247187505376,1.33333333333
311,0.308444997312,2.0
312,0.653344467742,0.0
313,2.22520392187,0.0
314,4.40091846071,0.0
315,0.761636720497,0.0
316,1.33934692017,0.0
317,4.51971102217,0.0
318,3.26483691111,0.0
319,0.278679612705,0.0
320,3.64749486726,0.0
321,0.920047288344,0.0
322,0.18173997546,0.0
323,0.340362641104,1.0
324,0.19536607362,2.0
325,0.403489110429,1.0
326,0.972491588652,0.0
327,0.270317199519,0.0
328,0.193020138037,0.4
329,0.438146095092,1.0
330,0.30079702454,1.0
331,2.30636102454,2.0
332,0.202691837423,1.0
333,0.251940136076,1.0
334,0.107959012658,1.0
335,0.388595155063,1.0
336,0.0844119113924,3.0
337,0.283056177215,4.0
338,0.0931534452736,0.2
339,0.213238447761,1.0
340,0.148726731343,5.0
341,0.0953947636816,5.0
342,0.087653800995,0.0
343,0.596817265,1.0
344,2.07416099,0.0
345,0.36341921,0.0
346,1.306632525,3.0
347,0.73126933,1.0
348,0.568652277778,0.8
349,0.139185333333,0.0
350,0.340286611111,0.0
351,1.452927,1.0
352,0.236393444444,2.0
353,0.24095185,0.0
354,0.2315717,1.0
355,0.16129975,4.0
356,0.50057075,4.0
357,0.12616195,0.0
358,0.158347379433,0.8
359,0.0820547730496,2.0
360,0.601015152482,2.0
361,0.125567925532,1.0
362,0.202970283688,0.0
363,0.16655952809,0.0
364,0.358230733607,0.6
365,0.680422086066,1.0
366,0.349825831967,0.0
367,3.25845633607,2.0
368,0.570574418033,3.0
369,0.812500892857,1.2
370,0.912339821429,1.0
371,0.531398071429,0.0
372,1.23168114286,1.0
373,1.68007353571,0.0
374,0.638095333333,0.6
375,0.238816464912,1.0
376,0.437361833333,1.0
377,0.380654083333,1.0
378,0.790538061404,0.0
379,0.353032916058,0.8
380,3.95532487956,0.0
381,0.482776631387,0.0
382,7.695105,2.0
383,7.86185203285,0.0
384,0.686101428571,1.0
385,0.462728714286,1.0
386,0.188629071429,2.0
387,0.686116071429,2.0
388,1.06609453571,1.0
389,2.09523003521,1.0
390,0.145376735915,0.0
391,0.505831978873,1.0
392,1.84687714789,1.0
393,0.153610816901,0.0
394,1.30673109162,2.4
395,0.203732612565,3.0
396,1.35562522775,0.0
397,0.0836126989529,0.0
398,0.177319827225,0.0
399,3.65015241156,1.2
400,0.229900710884,2.0
401,0.121248772109,0.0
402,0.542860962585,2.0
403,1.26429177211,2.0
404,2.37797497143,5.4
405,2.03889004,7.0
406,2.32113077429,0.0
407,0.412499277143,0.0
408,1.21511038,1.0
409,0.139231125,0.6
410,0.194661696429,1.0
411,0.133457131696,1.0
412,0.975010584821,2.0
413,4.51563772098,0.0
414,0.813204165493,1.8
415,1.96973316549,2.0
416,1.30259420423,1.0
417,1.80608883803,0.0
418,0.726899947183,2.0
419,0.322729203704,1.0
420,0.875319601852,0.0
421,0.487457089506,3.0
422,0.609968367284,3.0
423,0.703998777778,2.0
424,0.899781706522,0.4
425,0.407883307971,1.0
426,0.0329902753623,3.0
427,0.16613567029,3.0
428,0.205134416667,3.0
429,0.1305947,0.0
430,0.5508037,1.0
431,0.25485675,2.0
432,3.97995495,1.0
433,0.66253555,0.0
434,3.38304131,0.2
435,0.295277455,0.0
436,6.748169835,1.0
437,1.4688326675,2.0
438,1.5901027725,2.0
439,2.09461647309,0.2
440,1.46092830045,0.0
441,1.56160015247,0.0
442,0.709856612108,0.0
443,0.106428748879,1.0
444,0.258596961207,0.6
445,0.0775629676724,0.0
446,0.191184148707,1.0
447,0.103743157328,1.0
448,0.261302984914,2.0
449,0.176415166667,1.4
450,0.141757041667,6.0
451,0.631586625,6.0
452,0.1327195,0.0
453,6.044533125,1.0
454,1.30933946934,1.6
455,2.84944671934,1.0
456,0.643580917453,3.0
457,0.844394193396,3.0
458,0.482684669811,1.0
459,0.877140580986,0.6
460,0.733673003521,2.0
461,0.128134429577,2.0
462,0.590791059859,4.0
463,2.16994311972,3.0
464,0.204228993952,0.2
465,1.18641338306,1.0
466,0.210209423387,1.0
467,0.314200163306,1.0
468,1.22153090524,2.0
469,4.28869191667,0.8
470,0.701856760965,1.0
471,3.29966548904,0.0
472,3.2451281886,0.0
473,1.0550242807,0.0
474,0.322537764368,0.8
475,0.339955695402,5.0
476,0.393665471264,4.0
477,0.0164634597701,2.0
478,0.178677456897,0.0
479,0.652789682119,3.4
480,0.637062523179,5.0
481,0.786216549669,5.0
482,0.218474460265,6.0
483,0.304213304636,0.0
484,4.11647508178,1.6
485,0.366343039033,3.0
486,0.945649492565,1.0
487,0.676916118959,1.0
488,0.189394749071,1.0
489,0.226185556391,1.4
490,0.0816918308271,3.0
491,1.34666472368,1.0
492,0.380840656015,2.0
493,0.988140669173,2.0
494,1.66953030739,0.4
495,0.0710955680934,1.0
496,0.417671412451,5.0
497,0.450467719844,4.0
498,0.814516486381,1.0
499,0.589873483539,0.2
500,0.46259750823,0.0
501,1.0453448251,1.0
502,0.977038514403,1.0
503,1.8077179321,0.0
504,1.22892192233,0.8
505,4.47845723301,1.0
506,0.247703393204,1.0
507,0.400037453883,5.0
508,1.26114602184,5.0
509,0.395337674129,0.33333333333
510,0.539765895522,1.0
511,2.95998097015,1.0
512,0.459247209559,1.0
513,0.899837003676,0.0
514,0.236551481618,3.0
515,0.599757432353,0.0
516,0.212168485294,0.0
517,0.217820608824,0.0
518,1.01186804762,1.0
519,0.664426785714,3.0
520,0.806733095238,3.0
521,1.25146056466,0.66666666667
522,1.35097685345,1.0
523,0.710379905172,0.0
524,0.376672926174,0.33333333333
525,3.76486162416,1.0
526,2.52503113758,1.0
527,0.693875740602,0.33333333333
528,0.608705428571,1.0
529,0.208569263158,1.0
530,1.17609511017,0.33333333333
531,0.592318242938,1.0
532,0.424774757062,1.0
533,1.90811433468,0.66666666667
534,0.483187907258,1.0
535,0.428430528226,0.0
536,0.960923994186,1.0
537,0.149287906977,3.0
538,1.27096350291,3.0
539,1.9239236465,0.33333333333
540,1.71124589809,0.0
541,0.912582350318,1.0
542,1.15277083962,2.33333333333
543,0.436632391509,3.0
544,1.13832239151,1.0
545,2.26320590179,1.0
546,1.11545222545,2.0
547,4.45930897991,1.0
548,2.33589423013,0.0
549,0.632453905858,1.0
550,1.78340827615,2.0
551,3.28137059662,1.0
552,2.52972946377,1.0
553,0.362189214976,1.0
554,0.596295673387,1.33333333333
555,0.118679487903,1.0
556,0.586079645161,2.0
557,0.359698125,2.0
558,2.0344786875,0.0
559,0.20666353125,6.0
560,0.862589508772,2.33333333333
561,0.240140083333,0.0
562,0.470821662281,7.0
563,0.863059652632,1.0
564,0.618650363158,0.0
565,0.891119465789,3.0
566,2.13663065,1.33333333333
567,0.9383561,3.0
568,0.945783088462,2.0
569,0.0799500581761,2.33333333333
570,0.407451882075,4.0
571,2.84048046541,1.0
572,0.536376184588,0.66666666667
573,1.65948255197,2.0
574,1.44647551613,2.0
575,1.12305651505,0.0
576,0.167620262542,1.0
577,0.426905051839,2.0
578,0.184688875556,1.33333333333
579,0.148515033333,0.0
580,0.850349817778,4.0
581,2.75831560714,0.0
582,1.19412354286,0.0
583,0.769485592857,0.0
584,0.841635790541,1.66666666667
585,1.66712789189,1.0
586,1.05658753378,3.0
587,0.865483415323,0.33333333333
588,1.61336702823,1.0
589,0.301059532258,1.0
590,0.355930178899,0.33333333333
591,0.433894394495,1.0
592,0.763004302752,1.0
593,0.241144490566,1.33333333333
594,0.39709029717,2.0
595,2.00790783019,0.0
596,0.805139384211,0.66666666667
597,2.50630634737,1.0
598,0.834829889474,0.0
599,2.29295819022,1.33333333333
600,2.52205082609,1.0
601,0.987778179348,2.0
602,0.951049257009,0.33333333333
603,0.671010948598,1.0
604,0.243506023364,1.0
605,0.776638450893,0.0
606,0.156130464286,1.0
607,1.47486079911,2.0
608,2.84399009459,3.33333333333
609,0.695115963964,7.0
610,5.88677823423,4.0
611,0.274080608108,3.66666666667
612,1.46728073423,5.0
613,0.447332243243,1.0
614,0.390920619048,0.66666666667
615,1.75902885714,0.0
616,0.932191961905,2.0
617,2.2783117305,0.0
618,0.817301599291,0.0
619,0.645168450355,0.0
620,0.176941553191,0.0
621,0.441548542553,0.0
622,2.29395661702,0.0
623,0.247187505376,1.33333333333
624,0.308444997312,2.0
625,0.653344467742,0.0
